image: map.all.pgm
resolution: 0.050000
origin: [-15.329999, -31.530002, 0.0]
negate: 0
occupied_thresh: 0.65
free_thresh: 0.196
