image: a.pgm
resolution: 0.020000
origin: [-18.820000, -13.620000, 0.0]
negate: 0
occupied_thresh: 0.65
free_thresh: 0.196
