# General sensor definitions.
sensor_type: camera
comment: VI-Sensor cam2 (MT9M034)

# Sensor extrinsics wrt. the body-frame.
T_BS:
  cols: 4
  rows: 4
  data: [0.999678016, -0.00478708977, 0.0249221995, 0.0174527001,
  -0.0249097999, 0.00264223991, 0.999686003, 0.143799007,
  -0.00485145021, -0.99998498, 0.00252214004, -0.0427001007,
  0, -0, -0, 1]

# Camera specific definitions.
rate_hz: 5
resolution: [1024, 768]
camera_model: pinhole
intrinsics: [527.23342536262282, 525.5174356729425, 504.35235973510999, 391.60414918823994]
distortion_model: equidistant
distortion_coefficients: [-0.046542011260529724, 0.01087989653421375, -0.0039165028155832985, 0.0003690822748872748]
